3
1 -5 3
-2 1 4
5
5 4 3 1 2
1 1 0 1 0
7
677 463 -569 516 401 -998 882
890 588 959 909 948 -617 -655
8
-912 937 167 366 -222 -397 190 -216
354 -222 28 -236 75 869 -622 -56
4
-741 160 176 -378
-665 -149 744 497
1
-466
89
8
495 895 799 -887 -880 -976 994 703
-1000 834 602 433 145 909 -973 382
4
940 -148 -578 560
107 427 729 834
7
-192 -634 503 -837 571 -965 -892
-743 -107 742 -447 862 530 -985
2
326 868
106 111
8
-815 -997 582 910 -496 936 856 -583
921 200 -932 -928 722 963 -826 -762
7
-762 -139 -650 -171 507 857 -729
394 -107 855 -914 936 276 -574
800
99991 -99994 99999 99996 -99999 -99999 -99999 99994 -99993 -99999 99997 -99994 100000 -99998 99991 99991 100000 -99999 -99999 -99993 -99996 -99999 100000 99994 99991 100000 -99998 -99993 99999 -99991 99994 99992 -99995 -99996 -99994 99993 99996 99995 -99998 100000 -100000 -99991 99995 99995 99990 99990 99999 -99999 99998 -99997 -99990 -99999 100000 99998 99999 -99990 99990 -99999 -99999 -99993 100000 99997 99997 -99990 -99996 -99992 -99995 -100000 100000 99998 99997 -99999 99994 100000 -99999 -99994 -99995 -99999 99998 100000 -100000 -99996 99993 99997 99999 99994 99993 -99991 99990 -99991 -99997 99999 99999 -99990 99998 99991 99995 99992 99998 -99997 -99996 99994 99991 -99999 99997 99990 -99999 -99991 99992 -99993 -99995 -99991 99990 99994 99991 99994 99992 -99997 -99993 99996 -99991 99990 99998 -99993 -99993 -99997 -99992 99993 -99993 99996 99990 99993 -99993 99994 -99998 99991 -99990 99993 99994 -99993 99999 99995 -99996 -99993 -99994 99997 -99993 -99996 99993 -99999 99999 99998 99990 99996 99995 -100000 -99991 99997 99992 -99991 100000 99991 99998 100000 -99998 -99993 99993 -99993 99997 99993 99999 99992 99998 -99991 99992 -99991 99998 -99990 99990 -99996 -100000 100000 -99995 99999 -99991 100000 99990 99997 -99991 99997 99994 99992 99997 -100000 -99992 99997 -99991 99990 99995 -99990 99995 -99995 99990 99993 99990 -99995 -99991 99999 -99992 99990 -100000 99994 99998 100000 99995 99993 -99995 100000 99993 -99997 99991 99995 -99994 99996 -99993 -99996 -99991 99994 -100000 99992 99991 99990 99994 -99999 -100000 99994 -99992 -99991 99993 -99990 99993 99998 100000 99990 -99998 -99999 99993 99994 99996 -100000 99994 99992 99994 99996 99995 99994 -99996 99997 -99998 99990 -99993 99992 -99999 100000 -99993 -99992 99994 -99996 99994 -100000 99996 -99990 -99998 99996 -99995 99994 -99992 -99990 -99994 99991 -99991 -99992 99999 99991 99992 99999 99999 -99994 99993 99997 -99993 99992 99991 99997 99995 99995 -99991 99992 -99992 99991 99999 -99994 -99998 -99997 99991 99998 99995 99994 -99999 99991 100000 -99998 -99990 -99990 99991 -99993 -99995 100000 -100000 -99991 99994 -99999 -99992 -99993 99996 99990 -99994 -99991 99997 99995 -99992 -99998 99999 99994 99992 -99997 -99990 -99997 100000 -99995 -99992 -99998 -99995 -99996 99993 -99991 99991 -99995 -99992 99996 -99996 100000 -99998 99990 -99999 99994 -99991 -99999 99990 -99998 -99995 -99994 -99994 99998 -99995 -99996 -99991 99991 99990 -99993 -99996 99999 -99995 99993 100000 -99993 -99993 -99998 99996 -99995 99994 -99998 99995 99993 -99999 -99992 -99992 99990 -99993 99995 -99992 99996 -99995 -99999 99990 -99990 99997 -99994 99995 -100000 99994 99994 -99993 -99994 -99996 99991 99994 -99999 -99994 99992 99991 99992 99990 99997 -99999 99992 -99990 100000 -99993 -100000 -99995 99991 99992 99995 99990 -99997 -100000 99997 99994 100000 99993 -99994 -100000 100000 -99996 -99997 -99990 99992 -99998 -99993 99999 -99995 99991 99991 99994 99992 -99990 100000 100000 99995 -99995 99999 99991 -99999 -99997 99992 99995 -99996 99994 -99992 99999 -99993 -100000 -99996 -99998 99995 99996 99999 -99997 -99991 99992 -99990 -100000 -99992 -99999 99991 99992 -99995 99990 -99995 -99992 -99990 99990 99994 99997 -99999 -99993 99994 99999 -99990 99995 99990 -99990 -99993 -99993 -99991 100000 -99996 -99999 -100000 -99999 -99998 -99996 99991 99990 -99994 99991 99997 100000 99991 -99994 -99990 -100000 -99994 -99994 -99995 -99990 -99999 100000 100000 99990 99998 -99999 -99997 -99990 -99997 99994 -100000 -99992 -99990 -99995 99997 99998 99990 99990 -99994 -99994 -99993 -99991 -99991 100000 99991 -99996 99998 99993 99996 99996 -99995 99992 99994 99995 100000 -99996 99990 -99994 -99997 -99997 99993 -99998 99991 -99992 99992 -100000 99999 99993 99990 99995 -99994 -99994 -100000 -99995 99996 -99997 99990 99997 -99994 99999 99995 -99994 99994 -99994 100000 -99998 -99992 -99999 99995 99990 -99992 99994 -99999 99990 -100000 99991 -99992 99991 99996 99998 99990 99993 99992 99999 99997 -99992 99993 99996 99995 99990 -99997 -99999 99993 99991 -99990 99991 -100000 99990 99999 -99991 -99998 99995 -99993 100000 99995 99992 99992 -99998 99992 -99999 -99990 -99999 99990 -100000 99997 99997 -100000 99993 99993 -99995 -99999 99997 -100000 99999 99990 99996 99990 100000 -99999 -99990 -99993 99991 99994 -99990 99998 -99998 99994 99992 99999 -99996 99990 -99996 -99992 99998 -100000 -99996 -99999 99991 99995 -99997 -99998 99996 99995 -99993 99997 99999 99995 99996 -99999 -99993 -99997 -99996 99993 -99996 100000 99998 99993 -99995 -99993 -99996 -99999 99995 -99997 -99995 99993 -99999 -99992 99997 -99990 -99991 -100000 -99996 99992 -99999 -99992 -99995 99994 -99991 99990 -99991 -99996 99993 99995 -99994 99999 -99998 99996 99994 99990 -99992 99993 100000 -99998 99994 99999 -99999 -99992 -99996 99997 -99992 -99997 -99995 99996 99996 -99990 -99991 99991 99998 -99990 -99995 99998 -99990 -99996 -99992 -99992 100000 -99990 -99992 99998 99994 -99996 99994 -99995 -99996 99994 -99999 -99996 -99990 99995 -99994 -99994 -99997 99993 -99991 99993 -99995 100000 99995 99991 100000 -99990 -99992 -100000 -99994 99991 -99993 -99994 -99991 -99992 99997 99991 100000 -99998 -100000 99991 99999 -99994 100000 99990 99992 99992 -99993 99992 -99993 99999 -99999 99993 99995 -99997 99994 99996 -99990 -99999
-99991 -99993 99993 -99997 -99995 99992 99998 -99990 99997 -99992 99999 99992 99993 -99995 -99990 99992 -99999 -99998 99998 99998 -99994 -99993 -99998 100000 -99998 -99997 99996 99994 -99993 100000 -99990 -100000 -100000 -99990 -99995 99992 -99994 -100000 -99997 -99997 -99999 99998 99994 -99992 99990 99999 99996 99991 99998 -99997 -99999 -99993 99992 -99998 99993 -99997 99994 99990 99990 100000 -99991 99993 99992 -99990 -99998 -99999 99998 -99999 99997 -100000 99990 99991 99999 99997 -99993 -99992 -99993 -99996 -99998 99996 -99992 -99991 99990 -99995 -99993 -99997 -99993 -99990 99997 -99992 99995 -99999 99997 99997 -99997 99995 99998 99990 99995 99991 99994 -99991 99996 -99994 -99997 99991 99993 99995 -99992 99991 99992 -99998 99992 99997 -99991 99990 -99995 -100000 -99991 100000 99999 99997 -99991 -99996 -99991 -99997 99997 99998 -99991 -99994 -99998 -99993 -99992 -99991 -99994 99999 -99998 -99995 -99998 -99999 -100000 99997 100000 99991 -99995 -100000 -99992 99999 -99994 99991 99998 -99995 99995 -99993 99997 99992 99997 99992 99994 -99995 99997 99990 100000 99995 99990 99993 99992 -99990 99995 99992 99994 99995 99990 -99994 -99993 -99993 -99997 -99991 99995 100000 100000 99998 -99990 99998 99992 99992 99990 99991 99998 -99991 99993 99992 99996 99995 -99998 -99992 99997 -99990 99997 99999 99998 99991 -99996 -99999 -99991 99997 -99993 -99994 -99998 -99991 -99994 -99990 -99993 -99996 99994 99997 -99996 -99998 99994 -99992 -99997 99998 99995 99999 99997 99999 99997 -99990 -99998 99994 99997 99990 -99999 -100000 -99990 -99993 -99999 -99992 -99994 99993 -99995 99991 -99999 -99990 -99994 99990 99998 99994 -99998 -99996 -100000 99990 99993 99995 -99990 99991 99994 -99990 100000 -99991 -99992 -100000 99991 -99990 -99990 -99995 -99996 99998 -99993 -99997 99999 -99998 -99993 -99994 99996 -99995 100000 99996 99991 100000 -99998 -99996 -99995 -99992 -99992 -99998 99991 99994 -99992 -100000 99991 99998 99991 -99992 99997 -99993 -99998 99995 99993 -99991 99996 -100000 99995 100000 99991 -99998 99998 -100000 99999 -99993 -99992 -99993 99994 -99998 -99996 -99991 -99993 99991 -99994 -99996 -99990 99994 -99995 -99996 -99996 -99998 -100000 99996 -99993 99996 -99991 99990 -99996 99997 -100000 -99997 -99993 -99993 99997 -99996 99990 99991 -99994 99990 99995 -99991 99998 -99998 99993 -99992 99990 -100000 99992 -99996 -100000 -99990 -99991 -100000 99990 -99993 -99997 99994 -99998 99994 99994 -99991 -99998 100000 -99993 100000 -99994 99998 99990 99998 99996 99997 -99998 -99994 -99991 99997 -99997 -99994 99992 99996 100000 -99998 99993 99998 -99999 -99997 99997 -99995 99994 99990 -99999 -99994 99995 99990 99990 99990 -99996 -99999 99992 -99993 99994 100000 -99992 99998 -99994 99993 99991 99993 99990 -99991 99990 -99997 -99995 -100000 -99991 -99995 99998 99999 -99996 -99991 99995 -99996 -99990 99993 -99991 100000 99997 -99997 -99999 99991 99996 -99992 99995 -99994 99995 99990 100000 100000 99991 -99998 -100000 -99990 -99993 99996 99995 -99994 -99998 -99998 -99997 -99992 99995 99997 99996 -99996 -99997 -99997 -99996 99994 100000 99995 99993 99995 99994 -99996 -99990 -99994 99999 -99990 -99999 99997 -100000 -99997 99990 -99998 99991 99996 99996 -99999 -99996 -100000 -99995 -99996 100000 99998 -99991 -99992 99991 99995 99995 99991 99993 -99990 -99995 -99998 -99995 99997 -99993 -99990 99999 99996 -99992 -99996 -99995 -99992 -99997 -99996 -99990 -99997 -99994 99995 -99990 -99998 -99993 99992 -99998 -99990 99990 99996 99993 99996 -99994 -99991 -99992 99998 -99990 -99990 99990 99991 -99995 99991 99990 -100000 -100000 99996 99999 99994 99990 99990 -99997 -99992 -99993 -100000 -99996 99996 -99991 -99991 99990 99995 -99995 -99991 99994 -99999 -99992 99995 99999 -99993 -99994 -99995 -99994 -99994 -99993 100000 99992 -99999 -99998 99993 -99998 99996 -99995 -99997 -99996 -99994 -99992 99999 100000 -99993 99996 -99998 -99997 99991 -99993 -99991 -99996 -99995 99994 -99991 -99997 99991 -100000 99999 -99992 99997 99992 99995 99997 -99991 -99997 100000 99996 -99996 99992 -99994 99990 -99991 99992 -100000 -100000 -99990 99995 99993 -99995 99997 99991 -99995 99999 -99998 99990 99996 -99992 99993 99996 99991 -99999 99999 -99995 -99995 -99997 100000 100000 -99999 99999 99994 99993 -99995 100000 99994 -99997 99995 -99991 -99994 99993 -99998 99994 -99991 99994 -99996 100000 -99994 -99995 -99993 -99997 -99992 99994 99996 99996 -99991 99990 99997 99995 99993 -99999 99997 -99990 99994 -99999 99991 99991 99992 -99991 -99993 99994 99996 99993 99995 -99998 99990 99996 -99996 -99998 -99995 -99994 -99992 99991 -99994 99992 -99990 99997 -99993 99992 -99992 99998 -99992 -99999 -99991 -99995 99990 -99996 100000 -99996 -99991 99998 -99991 99990 99993 -100000 -99992 99998 -99999 99998 -99992 -99993 99995 99995 -99996 99991 -99995 99999 99990 -99991 -99999 -99994 -99999 99997 99990 -99990 -99996 -99998 99994 99997 -99999 -99997 -99996 -99992 -99999 99992 -99991 99995 99999 -99992 99993 -99993 99997 -99994 99994 -99992 -99999 99996 99999 99999 -99995 -99995 -99995 -99995 -100000 99997 -99999 99991 99991 -99990 99995 99996 99994 99997 99999 99990 99996 -99999 -99994 99994 99990 -99998 -100000 99990 100000 99990 99991 99994 99994 -99991 -100000 -99996 -99990 99996 99994 99998 99992 -99994 99996 99997 99994 -99992 99990 -100000 -99997 99995 -99992
384
56784 76858 46223 80035 -45681 87558 -59680 -82194 -97006 77438 -89123 66944 2155 -57723 -49819 -83592 89813 -45805 61199 -79326 -26422 -87681 99663 93856 91669 -24533 -78122 59206 78900 36171 -3610 -95752 -78610 -73595 -14668 -83805 60980 -70022 70581 -90847 -99260 -94179 -70484 -3567 76774 -77324 -82544 -27775 82565 -33694 85921 25831 -85038 -90745 67296 30014 -72158 16478 65566 -89640 84348 96014 84755 -69115 -41294 80522 -68443 -96555 -74295 95073 89280 -83335 49951 70645 -75330 75115 -45090 -59047 99729 81284 47291 -31168 37742 -95587 -9282 -91605 -80240 -85750 92384 84479 40405 45372 37943 98487 -68005 94790 74401 -68949 -57893 -42045 74665 63693 -77702 2643 74073 -23315 -70660 -98770 20362 64292 -81609 -98430 -27935 -81358 -77261 -66520 50017 -28671 39525 42310 -94349 40718 -78702 70707 -86623 -88383 96414 86830 -90958 -81440 -66385 71884 -92971 44074 95921 99464 -56063 -7607 98971 89812 -83927 80395 81957 55746 -35492 63303 50412 74354 -9383 81655 -89120 3019 91123 76007 89394 82837 30146 86910 24694 -85222 -78447 67592 29981 -81836 -94257 77932 94796 -49955 -99764 65759 -79732 -93128 80557 90427 84084 70171 -45446 13904 47183 95336 95093 -98862 -81110 57772 19843 -99015 27187 -85182 -67368 34529 76540 41173 -94356 16521 -48685 86743 92078 -65760 94850 -64415 -86824 -50594 88437 91065 40893 89193 -71969 98968 -54949 70494 -86671 8501 -90264 -58845 -72955 80145 -96958 -98221 81020 -82905 78676 -86055 59381 47181 14987 -58634 -78877 -68039 95027 -98919 -12652 99862 94453 -50369 -35683 89779 37328 47981 -85176 80305 44485 92445 -78056 79141 94600 59628 97610 -88007 -78950 -14153 94229 16693 -72396 67632 63489 -94510 78176 -73424 1591 89126 99542 -65919 -51128 35286 -54916 -93603 67391 68959 -94322 3079 85225 -48210 -76110 -92331 -93754 -20533 8676 -94976 22652 -69490 96043 -37304 -88578 -90694 64671 -73324 93879 -96362 3185 84919 64667 -71635 -14753 92879 97384 -52499 65434 -89511 59288 -51193 93672 -6030 -92552 66517 90188 -66919 -35862 -56436 -88242 77866 60667 -26396 -85688 -47372 49762 -96500 77204 -94595 -41847 72148 53866 -30782 63105 49352 -88436 68206 -57662 76250 51065 -91247 -56754 -46286 43438 -95852 85612 59401 20204 -99317 58548 31153 29842 -92747 92059 -2370 -58642 40752 -41010 -99343 -68674 -97631 -35858 62402 99145 -53043 64719 89715 -69847 -92975 13570 49065 89196 55736 -96905 59932 93556 -65994 88077 -99057 53671 79957 92870 79223 -69317 -63092 -77452 -75656 -70242 -32531 -38499 39258 77275 86848 -71786 20167
70768 -98476 -95161 -32655 86538 -96479 -98657 81279 95657 64696 -67757 56692 -74730 74275 68206 40136 88672 46871 75425 -86999 57088 -90147 4928 85058 -94823 97684 -81718 80294 -72097 -97514 -86284 96147 -77233 85878 97602 91242 75422 -51748 70405 77469 96776 -95934 -59956 55338 90373 26480 -88919 75650 85596 48724 99617 -89930 77736 47614 -83619 85319 31848 -45079 -90757 -80144 78146 -25509 21044 60690 77967 32166 77794 55722 -88892 88419 -97983 -98668 77445 1672 51281 73898 -95578 -95358 90401 -57570 96548 39767 -76895 31366 75290 -47959 81015 -89779 81434 -45201 8482 -45348 77491 48546 -86139 24468 -85624 71675 36715 89708 -47754 -81654 -95068 77705 -89185 92913 -61580 -50491 -28777 -64307 -53258 -97636 -31398 65811 61272 -76951 -93246 48969 88999 73666 70133 99598 72003 32749 36005 92769 97506 74509 -94728 -94396 -67246 -45409 -4494 -72031 -92380 -29320 -75977 51560 12366 94508 67402 -67318 61940 -95085 -53327 44613 -34187 16350 -11896 -68277 -77724 29165 45032 -92251 -54480 -97759 -57462 -56185 99621 78319 -84224 -89221 -85781 -93447 -94605 81279 20242 84370 53970 -72676 -25711 -86844 -65435 -83954 -38061 -94917 98177 -70725 89937 89168 81391 -69007 54903 44653 77795 -83318 92000 -86346 42770 50325 76551 -77790 -78423 -52992 66947 -45912 51424 -98689 -77661 63680 -95557 81714 -42998 -74139 42129 -68053 -49288 13512 70468 -76838 -68810 -71281 -97433 -92335 99178 93540 47829 -81264 -20359 35274 93495 31398 -99524 -64984 58400 -25828 -74058 -71765 43882 -74548 64029 96936 17092 80253 -73225 69941 -5402 -94816 -50714 42137 -75766 9712 75932 79001 -29059 92930 94323 -56354 44870 -49207 -68748 26699 43065 96491 -89340 81519 -87797 -11932 -75237 -90732 -74311 -87175 -65058 88987 -56706 72974 75142 -68238 -94646 22422 19179 62093 34846 -88128 -64463 52314 97659 -49517 -89081 8696 47492 -43386 84493 20038 -81632 -92564 32287 10068 82817 -26856 -70430 -75899 -30296 26635 -93443 -66733 99049 -96448 -27512 93131 35784 42790 38982 91465 -50660 -65162 -99075 -38200 59602 -94320 58501 -91055 69487 58260 -92861 -94988 -61664 55131 -31966 61320 95029 51189 -51087 72915 10268 62130 51419 13129 86455 14448 -96892 -84589 -68935 92546 -67138 72156 67399 -67845 -57386 -76256 -21989 -99271 -91587 91227 88210 -70843 93408 30609 -98763 69437 -33489 71479 -53866 63909 -54288 -38145 87861 -86118 -74420 -76728 -96740 54286 -96950 87252 71350 46442 -51033 -61834 37326 -92700 35986 -85347 30793 86091 -13027 48542 -61264 85692 -54891 69516 -99870 14143 27569 59686
5
734 -621 -676 -755 828
214 73 903 -487 362
8
-814 663 662 1000 -949 774 -174 -947
935 738 767 -981 -502 490 344 893
5
577 -271 -37 -956 -26
-164 168 377 -146 -878
8
-813 481 971 -695 572 971 -938 454
-360 -256 -250 -650 917 948 105 -642
6
43 260 -111 -13 -517 22
-70 -936 421 231 519 657
8
-781 672 938 -565 860 -417 886 -188
654 -900 -902 488 704 788 -266 -846
6
-848 450 -404 -825 -704 523
-902 908 332 829 -477 839
8
-115 -279 -181 -799 -746 -261 885 106
-34 -773 409 27 -159 -565 -494 -689
6
-273 -30 94 -951 356 1
-124 240 225 -147 -21 -130
7
-856 651 -268 -93 -682 670 290
699 -671 -425 774 967 997 463
5
-590 -709 -687 409 -631
-944 -785 -382 -420 747
6
687 833 543 -994 913 850
-727 689 -788 -996 923 575
5
-882 691 -71 -131 -872
908 -274 -95 -440 846
8
761 822 -898 760 953 -184 -956 -122
-248 790 -872 -395 -439 960 -745 220
6
-774 -808 684 -399 815 -976
263 -541 -563 762 -758 -104
8
-672 481 -603 932 656 -639 -527 -747
-309 -993 970 -514 -995 652 729 218
7
-963 -382 -960 679 731 -748 84
-470 216 -946 263 -919 3 597
6
280 219 237 205 275 -777
-855 -566 -741 464 621 252
791
65785 64770 -51784 78402 -34615 92068 81300 -14321 63566 -95184 -96262 -45838 14503 63980 54073 -39520 -93985 89588 37780 -58622 9972 -53287 89830 -66658 71267 -74784 -94181 61323 81683 -52688 98499 3754 82261 9493 68244 -80814 67085 -79188 -87666 24555 73475 43384 -26740 79077 -86349 5056 99427 -94847 77923 96010 -61429 -80452 80361 65441 -34179 -87745 13622 85956 -60648 23395 39428 48802 68490 96098 86708 -68986 -75767 -26655 87713 -93307 -11173 -63027 87149 -40055 77626 -3592 -62695 40734 -31679 -30135 28502 81987 -95241 -96004 -38096 -83695 -48568 45406 -51941 -22887 40945 -71562 80185 98584 84895 87484 -45508 59508 43887 83949 -88718 -68777 97297 -80665 21875 9415 -79619 85429 71180 85701 43436 48425 92038 -52098 -54158 -74856 90399 -75515 81531 93012 -80636 10877 -92048 39235 91847 65365 -18043 -70015 20005 89236 5223 80536 -79380 77986 85735 75069 55492 83676 -87940 -89582 -98426 80319 -10574 79521 1034 61657 -66649 -98495 71873 29150 81938 89170 10038 -2785 77337 -85791 82156 -86156 -76027 -50816 71201 -16729 39547 -40693 -92050 72685 -93199 55021 -72776 -15636 -69051 -54091 -95664 76111 23481 9499 -91211 63405 94649 -65500 -90971 46715 -45244 55459 32755 -69119 96356 -95215 99775 -6747 -88826 -64705 -63604 59052 62934 -40121 56160 75368 -71787 -99964 56916 -85243 -82994 78874 -94567 68251 -87388 99673 83427 -47749 35582 38220 50663 -61117 -85979 -59673 -19930 60063 -79815 76804 68392 -88772 -42519 -95683 -97951 -85450 69721 -99424 -96914 -58691 -60640 99495 -34942 98775 74031 -58426 39899 -21959 -99303 -76975 37569 -75957 99220 -44577 75181 -96772 73992 53670 98413 -56550 -73549 51705 -16120 -96809 6956 -54952 -98882 -97933 -10065 76782 -91336 -26819 89116 -93155 -56455 -30478 -26513 54181 -84205 -26322 78786 97593 -20787 -73736 89771 79722 78092 94962 74690 83240 -58824 73950 -67750 84116 85522 58352 39495 -95192 -80023 85717 35872 -93985 56647 -88161 -92968 -6474 -66812 85900 82695 78514 -81179 61830 41633 22989 -1213 91130 -44551 33297 77465 -90773 39728 -72910 87556 -71198 85241 -36671 94981 34122 -47551 -39705 -85104 -49754 -64020 33758 66164 -84687 -71077 90076 -49558 94292 -47516 96526 -89225 90838 89983 71257 -72106 72635 94327 -98777 81818 69732 -89074 -17978 -58680 -51104 68873 -52532 74355 -64322 -56943 -92588 70251 72490 30017 99777 -52042 95794 98045 80829 94608 1056 71291 -81092 23499 60643 -37218 -96633 -66960 -30618 -28914 62168 -59183 67016 -82048 -59660 67111 57228 97776 -10980 53655 69613 91062 -87061 -65296 -98930 52635 89195 -78789 40183 36497 -51241 93849 50990 -88729 94104 35794 84503 15295 -86281 -82524 22965 91504 34928 35378 75375 92955 -84951 -58975 -11709 85685 -74388 80635 85270 68086 -96005 39743 56860 -81418 -93565 -83000 89304 77247 56614 -58329 -72714 -35728 95141 -62324 -46647 -80806 -99092 -82448 62652 -54265 93592 -38256 -87249 73970 89853 -99892 -83940 -9843 -65986 -65200 -38968 49431 79708 -58787 29695 75162 -33676 -6232 80508 -62184 -57829 -76939 -49622 1388 86357 40464 -49203 -62154 25275 -93442 38195 65035 96480 72432 79841 55867 90123 41014 81403 89307 97278 -71457 82411 -78016 -42896 -1160 -78781 -66221 -80640 8591 86743 76646 -72278 -53764 -88531 62248 99867 44607 88798 -43251 47859 23354 -71183 57860 -43881 -75943 41185 -79865 79219 98216 -85120 51963 -75994 74134 54239 -88935 -92514 15303 91330 18831 -97376 84922 95281 31259 78434 -90089 74141 11548 49555 -32799 -92588 -92471 -93701 -97177 -61724 -81759 -62001 97225 83781 22593 -96092 60903 -99804 -91037 -16271 28508 -12898 -47806 -27207 -61100 -56610 44137 -73667 45815 65064 35669 89741 -67220 37431 -5933 -54986 83222 -40423 88356 27441 -65788 -82478 78114 81739 -98369 98826 93442 96729 -93962 85125 36523 -92943 37832 -95293 -77139 84349 -70951 -42078 96342 -67657 -94911 41363 -77803 -91277 -83315 -83700 -86591 79293 -43990 64679 -97396 84717 83564 90263 35016 -65172 -50732 -91307 73905 -56868 -93076 87620 75433 -98630 -71315 89222 -55483 -94230 76568 89126 92524 -79665 27697 84578 -92684 -98064 29381 -16212 -98652 86226 -71640 84503 24519 -86462 -84687 -63078 3329 97950 -70241 -87099 -95300 97915 -32609 -78708 -38060 -87368 -96209 -23827 -86697 -82362 59783 -82260 44066 -30986 54064 -88141 39997 64256 -58428 11277 27238 45067 -83099 -72774 -22868 51850 95567 94456 -64482 29391 -40534 83252 47532 28408 84650 71724 -57056 38058 25047 -65354 69789 -73775 9915 -62070 -65143 78215 91544 49527 -96853 -3318 76726 -89646 15393 -63170 -73105 36584 -64602 -29964 76938 -89347 77437 -27787 77260 -18760 42704 -93531 78147 -89155 70445 96288 77556 89985 -51122 9875 55293 86270 -31090 -99176 47765 -92391 61297 96575 88113 55131 93434 -80663 80230 -76299 -76840 64415 62464 -90905 74480 -82911 -69318 -98619 55900 -51863 70927 -77976 71378 74097 92037 -39223 25231 69155 57417 99403 -89459 -74792 -64615 69320 -64375 83227 50774 51337 -37113 60406 -88261 -7170 -84544 66630 -60613 -86238 61678 -96954 49178 -73155 81802 -97024 -83293 75154 11154 -503 90587 -83362 -8706 -60116 -25220 96976 -93649 -86784 22937 95099 -50469 74708 -53500 77991 32477 51337 -84353 25177 54207 -89600 -93165 26250 -96966 41124 -12099 91936 -76476
87958 -49472 95286 86071 -97566 -94952 15017 68163 -77961 42662 61347 -60045 83121 -99849 -87444 -79898 94272 88886 18432 -98626 99072 -78277 -80025 10786 69482 76631 -95985 -97055 -78864 -70190 97961 -55974 -64945 61636 -19947 -73650 55195 -85377 77683 -6627 67492 -66477 99233 -47316 -32608 75858 81430 70862 96056 -89526 98707 24737 -44665 97005 -40750 92891 89399 -61310 -90416 66185 -60043 -79627 -84195 -97409 -80863 -68014 65056 -65288 92632 -70057 97338 89179 39131 -95998 -68274 74115 89677 21418 -90393 6490 93001 61756 81201 82754 90052 -94144 -10397 -97498 84672 -33011 96532 -32747 -75686 -69799 -96194 43566 -12042 -64404 -37612 15524 -97142 -75080 -98843 39553 73719 78653 -85919 -97626 18983 71590 -91243 -54135 76102 -86401 -44327 -68896 75376 97621 -79900 73845 38480 -48809 41345 86323 -45158 -41039 -80112 -41542 -62510 92283 50404 -92961 -14615 -85067 -45301 82194 -82621 -55168 96971 -93404 70158 67580 5361 -10944 -11873 -7464 33552 60521 85102 -73411 -99887 48346 -24069 -36507 -27969 -91918 25810 63835 71943 -98453 -83254 36081 89820 66874 97018 91316 78699 76939 -87485 18690 -46351 68653 -79954 -79151 67647 -31766 -57422 -63134 56215 -95811 -85404 29605 69267 -63229 -96241 -35013 50739 94288 87176 63303 73723 43304 -72471 -63639 -94311 -75589 93268 61401 -63969 59296 -63521 -80462 -79579 62269 -75629 -80101 -60193 -78252 19044 58806 94687 31839 -49830 -94440 -22985 -76602 87965 -47393 83292 -56149 -24601 79307 -95534 9578 -34570 -97886 -87507 89922 57246 -92007 67799 -98779 85320 -2188 83264 71003 72411 -92599 54491 -67391 72501 -79474 90265 -5294 -75322 -50092 60195 49723 -26278 -89511 -94922 90662 52803 85150 -88751 74778 66131 -80325 28204 13533 -530 41630 65267 -82452 -6568 41199 50245 -56440 -98740 40924 74468 20985 -85939 -99587 -56068 92100 -76560 -26658 -63720 88623 -98708 -88830 -85877 -62295 -75865 -83140 -48743 -82823 9239 -73553 99056 73412 99614 -93823 -71026 -77812 -65072 79181 -96401 -80933 82661 -20118 76699 79487 88920 -76816 -82615 41133 98495 -21025 63883 -62353 -50096 -31446 80188 59787 91266 63866 -64634 95127 -47100 -77297 -42751 -67512 -89056 69203 -85054 60876 -85196 -96740 92406 -26292 -88713 -33181 -96326 78413 99682 58895 -48795 34300 96624 95389 -31557 95006 -72147 56369 51302 -20641 99194 -87431 79856 95145 89259 -61710 -69743 87739 83800 78218 -95950 76733 80500 -65182 -70444 55296 74219 92958 5475 -20277 53640 72994 -61314 11379 -86194 80542 -70069 -69975 73163 94962 -62524 -98072 -97568 -83754 63115 -53804 -23858 -98945 -71560 91549 -93971 -38327 66991 -71260 98636 96309 59141 91935 -93263 99653 93940 95074 68140 -49025 -82142 -88849 80165 91268 74398 -83540 29073 54921 -77907 -97274 -48940 -86969 -36138 90347 51683 76123 -29896 76440 -30549 98409 46277 -32183 98323 -87484 96344 -78973 -75691 82755 92514 48963 23223 -88554 70514 -36739 96448 12606 79186 79670 94264 -4361 84231 -91094 93605 23278 74241 -61238 30598 94511 -45627 97901 -41852 69060 54938 75580 -27276 43270 46577 -14626 -27490 -3831 -66972 -80904 99748 -60294 97571 72935 -78257 -23307 -30308 -94076 52399 92310 -92659 51466 91744 91592 62235 50107 26367 -96715 -74557 53331 77473 54766 96105 -24374 -37307 61346 33688 75745 92314 -76856 -87682 90206 97065 -65673 82786 -78575 -51880 -83864 15514 -68644 -73073 -79386 74307 -96963 85877 72407 49384 -88990 -66118 -99034 -63566 -87750 -77312 -97596 -8146 27777 -58242 -1988 82591 75078 -49089 -66248 54230 -78416 -81447 68945 -99442 -61012 63104 57690 69268 31147 -79663 -77532 20899 -63806 98746 -54344 96536 -65943 92965 64534 -85158 -75968 -71905 -29203 62973 -98723 77639 -3772 32879 48287 42742 -99376 90202 -26314 -39188 -27243 89993 -16491 76136 65959 -52311 -59117 99296 -18379 90086 -88064 -85132 28683 80104 14300 46436 42065 89937 -76428 -96811 15069 95446 -82765 44371 93859 -61597 -29511 -33948 -76307 -83280 87062 65927 77231 -96593 82409 95691 -52316 33550 -90990 69462 98940 98437 94957 52467 -53087 89217 -77753 -62940 78784 81324 87648 -52139 -96537 -11630 82803 86529 88771 95096 69208 -93700 -95104 98135 -92651 -45887 41307 26190 -13475 96825 -51341 -97902 -99197 -67362 -86573 94601 91187 -46690 89211 61398 -31615 -58750 -79797 55795 85407 -65747 89894 91575 70543 -97427 29133 49448 92589 64584 -88689 -43425 29595 -90595 58487 68295 -94787 -88694 15008 -87368 77184 90311 -82851 29167 93797 77517 63499 -99702 73573 32314 -88939 69191 95145 -89457 31223 81446 -79511 -82831 99528 53990 -80143 -35482 -59877 79639 52299 89533 49431 -87447 -91465 -50356 -88050 -80737 84713 98134 -78276 75689 75322 78071 -8691 74716 71448 -97420 -80128 64233 3457 77138 69405 76897 -53520 -51759 3243 98794 -92955 -45451 -84505 96583 99864 -36017 24243 71045 80536 66324 65989 -78887 -33188 -98027 96653 88943 -3133 -71648 20385 96314 -73859 69315 -4685 -89410 15919 99179 90157 59955 91314 89741 -13776 75740 -95956 95379 89046 47026 71904 88605 86374 -71797 55751 -41254 -77544 57425 -21566 -82399 -67844 38768 99718 -90656 -88028 81683 -94421 -94854 75539 79357 -91359 -76518 78014 63515 23823 97153 70324 -99507 81700 -93167 -63138 46072 -87237 76024 82885 -77661 58658 80209 -83159 52441
