42
4 1461
86400 31558150
98 100
1000 50000100
5673 28565335
5555 846555
1 1
10 100
10000000 1000000000
999999999 1000000000
500000001 1000000000
500000003 1000000000
82 15204
13082 31861
403799319 509735122
135489006 351810238
39178655 337430093
1110459 3823580
677953537 733498447
475102229 567113209
146771956 537844882
137846540 713943589
159296339 271777533
133447241 270554780
203717349 229767078
175254045 623156945
81508907 315757783
14822170 58529122
273493092 998092297
634333141 871247433
163227620 601223908
171036604 363119789
4 4
999999998 999999999
999999929 999999932		
999999883 999999937		
123456789 999999999		
999999986 1000000000		
800100001 1000000000		
823456787 1000000000		
5 5		
737312243 1000000000		
