1 2 3 1
2 3 5 5
1 4 2 0

1 1 2 2
3 3 4 4
0 2 1 3

1
2
1

0 0 0
1000 1000 1000
0 1 2

0 1 2 3 4 5 6 7 8 9 10 11 12 13 14 0 
1 2 3 4 5 6 7 8 9 10 11 12 13 14 15 15 
0 1 2 3 4 5 6 7 8 9 10 11 12 13 14 15

247 -34 462 247 -158 -34 302 -720 247 
-549 -720 302 462 462 753 462 -549 436 
-104 301 301 939 671 624 -104 -591 -591

739 -286 821 219 -286 219 821 -286 -632 821 
-383 -632 -383 -286 -632 739 739 -632 -286 739 
205 789 -966 -137 304 272 303 998 272 -285

-670 -670 540 -477 518 306 306 -670 -930 518 -670 -855 
306 306 -930 795 795 -571 -670 795 -855 795 -855 -930 
-406 -523 -694 -143 -507 -507 997 -58 -143 997 -507 997

350 937 -495 826 350 -495 937 -815 -125 350 350 844 844 -125 
844 534 -125 -282 -815 -282 -495 844 -815 107 826 534 937 107 
169 547 169 -230 -651 -217 601 -61 547 547 -217 -651 -217 -217

-711 -369 -369 -226 -226 -226 -226 -975 295 927 -975 -183 -711 -711 927 -711 
295 927 927 -648 927 927 -369 -183 -369 -70 -711 161 -648 -975 409 -648 
-280 -932 316 446 -42 749 40 509 -289 446 446 40 -42 -289 509 316

138 -221 120 -754 -878 -754 -401 -754 120 -878 -221 -138 -138 -567 -878 -138 
-221 138 -412 -265 138 -878 -754 -878 138 -265 -138 120 -401 -221 -401 -221 
212 346 796 -583 -758 896 34 754 56 346 34 -392 56 754 -392 -583

319 373 211 319 373 -338 -338 373 -232 -338 373 373 -338 373 319 211 
211 -338 -338 373 -102 373 -102 -102 373 211 -338 -232 -232 319 211 319 
438 -428 -693 -326 829 -963 -866 8 -906 -326 73 -111 812 196 -248 812

-944 -224 -373 -944 -224 -4 510 164 -373 -224 510 -373 -924 -4 -463 -4 
164 -53 -53 -62 -4 -924 -944 510 -924 -463 -463 -463 -944 -944 -224 -62 
-824 -128 160 -825 -847 -409 354 -825 -128 214 275 -841 -280 -966 518 518  

833 434 -593 -582 -582 -582 -1000 -582 -593 434 -593 640 640 -1000 833 833 
-593 -582 640 -703 -703 434 -703 -538 -703 -593 -703 434 833 -703 434 434 
-719 283 -587 -98 92 -786 -586 -364 -786 -586 -364 -98 283 -587 92 -364	 

0 0 100 100 150 150 30 30 130 130 170 180 160 160 210 210 
200 200 150 150 200 200 230 230 180 180 230 230 210 210 260 260 
0 200 50 250 25 225 30 230 180 280 55 255 110 310 85 285