5 50 50 70 80 100
7 100 95 90 80 70 60 50
3 70 90 80
3 70 90 81
9 100 99 98 97 96 95 94 93 91
10 1 2 3 4 5 6 7 8 9 10
20 1 2 3 4 5 6 7 8 9 10 1 2 3 4 5 6 7 8 9 10
30 1 2 3 4 5 6 7 8 9 10 1 2 3 4 5 6 7 8 9 10 1 2 3 4 5 6 7 8 9 10
40 1 2 3 4 5 6 7 8 9 10 1 2 3 4 5 6 7 8 9 10 1 2 3 4 5 6 7 8 9 10 1 2 3 4 5 6 7 8 9 10
50 1 2 3 4 5 6 7 8 9 10 1 2 3 4 5 6 7 8 9 10 1 2 3 4 5 6 7 8 9 10 1 2 3 4 5 6 7 8 9 10 1 2 3 4 5 6 7 8 9 10
60 1 2 3 4 5 6 7 8 9 10 1 2 3 4 5 6 7 8 9 10 1 2 3 4 5 6 7 8 9 10 1 2 3 4 5 6 7 8 9 10 1 2 3 4 5 6 7 8 9 10 1 2 3 4 5 6 7 8 9 10
70 1 2 3 4 5 6 7 8 9 10 1 2 3 4 5 6 7 8 9 10 1 2 3 4 5 6 7 8 9 10 1 2 3 4 5 6 7 8 9 10 1 2 3 4 5 6 7 8 9 10 1 2 3 4 5 6 7 8 9 10 1 2 3 4 5 6 7 8 9 10
80 1 2 3 4 5 6 7 8 9 10 1 2 3 4 5 6 7 8 9 10 1 2 3 4 5 6 7 8 9 10 1 2 3 4 5 6 7 8 9 10 1 2 3 4 5 6 7 8 9 10 1 2 3 4 5 6 7 8 9 10 1 2 3 4 5 6 7 8 9 10 1 2 3 4 5 6 7 8 9 10
90 1 2 3 4 5 6 7 8 9 10 1 2 3 4 5 6 7 8 9 10 1 2 3 4 5 6 7 8 9 10 1 2 3 4 5 6 7 8 9 10 1 2 3 4 5 6 7 8 9 10 1 2 3 4 5 6 7 8 9 10 1 2 3 4 5 6 7 8 9 10 1 2 3 4 5 6 7 8 9 10 1 2 3 4 5 6 7 8 9 10
100 1 2 3 4 5 6 7 8 9 10 1 2 3 4 5 6 7 8 9 10 1 2 3 4 5 6 7 8 9 10 1 2 3 4 5 6 7 8 9 10 1 2 3 4 5 6 7 8 9 10 1 2 3 4 5 6 7 8 9 10 1 2 3 4 5 6 7 8 9 10 1 2 3 4 5 6 7 8 9 10 1 2 3 4 5 6 7 8 9 10 1 2 3 4 5 6 7 8 9 10
10 91 92 100 94 95 96 97 98 99 100
20 91 92 100 94 95 96 97 98 99 100 91 92 100 94 95 96 97 98 99 100
30 91 92 100 94 95 96 97 98 99 100 91 92 100 94 95 96 97 98 99 100 91 92 100 94 95 96 97 98 99 100
40 91 92 100 94 95 96 97 98 99 100 91 92 100 94 95 96 97 98 99 100 91 92 100 94 95 96 97 98 99 100 91 92 100 94 95 96 97 98 99 100
50 91 92 100 94 95 96 97 98 99 100 91 92 100 94 95 96 97 98 99 100 91 92 100 94 95 96 97 98 99 100 91 92 100 94 95 96 97 98 99 100 91 92 100 94 95 96 97 98 99 100
60 91 92 100 94 95 96 97 98 99 100 91 92 100 94 95 96 97 98 99 100 91 92 100 94 95 96 97 98 99 100 91 92 100 94 95 96 97 98 99 100 91 92 100 94 95 96 97 98 99 100 91 92 100 94 95 96 97 98 99 100
70 91 92 100 94 95 96 97 98 99 100 91 92 100 94 95 96 97 98 99 100 91 92 100 94 95 96 97 98 99 100 91 92 100 94 95 96 97 98 99 100 91 92 100 94 95 96 97 98 99 100 91 92 100 94 95 96 97 98 99 100 91 92 100 94 95 96 97 98 99 100
80 91 92 100 94 95 96 97 98 99 100 91 92 100 94 95 96 97 98 99 100 91 92 100 94 95 96 97 98 99 100 91 92 100 94 95 96 97 98 99 100 91 92 100 94 95 96 97 98 99 100 91 92 100 94 95 96 97 98 99 100 91 92 100 94 95 96 97 98 99 100 91 92 100 94 95 96 97 98 99 100
90 91 92 100 94 95 96 97 98 99 100 91 92 100 94 95 96 97 98 99 100 91 92 100 94 95 96 97 98 99 100 91 92 100 94 95 96 97 98 99 100 91 92 100 94 95 96 97 98 99 100 91 92 100 94 95 96 97 98 99 100 91 92 100 94 95 96 97 98 99 100 91 92 100 94 95 96 97 98 99 100 91 92 100 94 95 96 97 98 99 100
100 91 92 100 94 95 96 97 98 99 100 91 92 100 94 95 96 97 98 99 100 91 92 100 94 95 96 97 98 99 100 91 92 100 94 95 96 97 98 99 100 91 92 100 94 95 96 97 98 99 100 91 92 100 94 95 96 97 98 99 100 91 92 100 94 95 96 97 98 99 100 91 92 100 94 95 96 97 98 99 100 91 92 100 94 95 96 97 98 99 100 91 92 100 94 95 96 97 98 99 100
1 100
2 100 100
3 100 100 100
4 100 100 100 100
5 100 100 100 100 100
100 45 23 87 34 89 34 45 23 77 80 45 23 87 34 89 34 45 23 77 80 45 23 87 34 89 34 45 23 77 80 45 23 87 34 89 34 45 23 77 80 45 23 87 34 89 34 45 23 77 80 45 23 87 34 89 34 45 23 77 80 45 23 87 34 89 34 45 23 77 80 45 23 87 34 89 34 45 23 77 80 45 23 87 34 89 34 45 23 77 80 45 23 87 34 89 34 45 23 77 80
200 45 23 87 34 89 34 45 23 77 80 45 23 87 34 89 34 45 23 77 80 45 23 87 34 89 34 45 23 77 80 45 23 87 34 89 34 45 23 77 80 45 23 87 34 89 34 45 23 77 80 45 23 87 34 89 34 45 23 77 80 45 23 87 34 89 34 45 23 77 80 45 23 87 34 89 34 45 23 77 80 45 23 87 34 89 34 45 23 77 80 45 23 87 34 89 34 45 23 77 80 45 23 87 34 89 34 45 23 77 80 45 23 87 34 89 34 45 23 77 80 45 23 87 34 89 34 45 23 77 80 45 23 87 34 89 34 45 23 77 80 45 23 87 34 89 34 45 23 77 80 45 23 87 34 89 34 45 23 77 80 45 23 87 34 89 34 45 23 77 80 45 23 87 34 89 34 45 23 77 80 45 23 87 34 89 34 45 23 77 80 45 23 87 34 89 34 45 23 77 80
400 45 23 87 34 89 34 45 23 77 80 45 23 87 34 89 34 45 23 77 80 45 23 87 34 89 34 45 23 77 80 45 23 87 34 89 34 45 23 77 80 45 23 87 34 89 34 45 23 77 80 45 23 87 34 89 34 45 23 77 80 45 23 87 34 89 34 45 23 77 80 45 23 87 34 89 34 45 23 77 80 45 23 87 34 89 34 45 23 77 80 45 23 87 34 89 34 45 23 77 80 45 23 87 34 89 34 45 23 77 80 45 23 87 34 89 34 45 23 77 80 45 23 87 34 89 34 45 23 77 80 45 23 87 34 89 34 45 23 77 80 45 23 87 34 89 34 45 23 77 80 45 23 87 34 89 34 45 23 77 80 45 23 87 34 89 34 45 23 77 80 45 23 87 34 89 34 45 23 77 80 45 23 87 34 89 34 45 23 77 80 45 23 87 34 89 34 45 23 77 80 45 23 87 34 89 34 45 23 77 80 45 23 87 34 89 34 45 23 77 80 45 23 87 34 89 34 45 23 77 80 45 23 87 34 89 34 45 23 77 80 45 23 87 34 89 34 45 23 77 80 45 23 87 34 89 34 45 23 77 80 45 23 87 34 89 34 45 23 77 80 45 23 87 34 89 34 45 23 77 80 45 23 87 34 89 34 45 23 77 80 45 23 87 34 89 34 45 23 77 80 45 23 87 34 89 34 45 23 77 80 45 23 87 34 89 34 45 23 77 80 45 23 87 34 89 34 45 23 77 80 45 23 87 34 89 34 45 23 77 80 45 23 87 34 89 34 45 23 77 80 45 23 87 34 89 34 45 23 77 80 45 23 87 34 89 34 45 23 77 80 45 23 87 34 89 34 45 23 77 80 45 23 87 34 89 34 45 23 77 80 45 23 87 34 89 34 45 23 77 80
800 45 23 87 34 89 34 45 23 77 80 45 23 87 34 89 34 45 23 77 80 45 23 87 34 89 34 45 23 77 80 45 23 87 34 89 34 45 23 77 80 45 23 87 34 89 34 45 23 77 80 45 23 87 34 89 34 45 23 77 80 45 23 87 34 89 34 45 23 77 80 45 23 87 34 89 34 45 23 77 80 45 23 87 34 89 34 45 23 77 80 45 23 87 34 89 34 45 23 77 80 45 23 87 34 89 34 45 23 77 80 45 23 87 34 89 34 45 23 77 80 45 23 87 34 89 34 45 23 77 80 45 23 87 34 89 34 45 23 77 80 45 23 87 34 89 34 45 23 77 80 45 23 87 34 89 34 45 23 77 80 45 23 87 34 89 34 45 23 77 80 45 23 87 34 89 34 45 23 77 80 45 23 87 34 89 34 45 23 77 80 45 23 87 34 89 34 45 23 77 80 45 23 87 34 89 34 45 23 77 80 45 23 87 34 89 34 45 23 77 80 45 23 87 34 89 34 45 23 77 80 45 23 87 34 89 34 45 23 77 80 45 23 87 34 89 34 45 23 77 80 45 23 87 34 89 34 45 23 77 80 45 23 87 34 89 34 45 23 77 80 45 23 87 34 89 34 45 23 77 80 45 23 87 34 89 34 45 23 77 80 45 23 87 34 89 34 45 23 77 80 45 23 87 34 89 34 45 23 77 80 45 23 87 34 89 34 45 23 77 80 45 23 87 34 89 34 45 23 77 80 45 23 87 34 89 34 45 23 77 80 45 23 87 34 89 34 45 23 77 80 45 23 87 34 89 34 45 23 77 80 45 23 87 34 89 34 45 23 77 80 45 23 87 34 89 34 45 23 77 80 45 23 87 34 89 34 45 23 77 80 45 23 87 34 89 34 45 23 77 80 45 23 87 34 89 34 45 23 77 80 45 23 87 34 89 34 45 23 77 80 45 23 87 34 89 34 45 23 77 80 45 23 87 34 89 34 45 23 77 80 45 23 87 34 89 34 45 23 77 80 45 23 87 34 89 34 45 23 77 80 45 23 87 34 89 34 45 23 77 80 45 23 87 34 89 34 45 23 77 80 45 23 87 34 89 34 45 23 77 80 45 23 87 34 89 34 45 23 77 80 45 23 87 34 89 34 45 23 77 80 45 23 87 34 89 34 45 23 77 80 45 23 87 34 89 34 45 23 77 80 45 23 87 34 89 34 45 23 77 80 45 23 87 34 89 34 45 23 77 80 45 23 87 34 89 34 45 23 77 80 45 23 87 34 89 34 45 23 77 80 45 23 87 34 89 34 45 23 77 80 45 23 87 34 89 34 45 23 77 80 45 23 87 34 89 34 45 23 77 80 45 23 87 34 89 34 45 23 77 80 45 23 87 34 89 34 45 23 77 80 45 23 87 34 89 34 45 23 77 80 45 23 87 34 89 34 45 23 77 80 45 23 87 34 89 34 45 23 77 80 45 23 87 34 89 34 45 23 77 80 45 23 87 34 89 34 45 23 77 80 45 23 87 34 89 34 45 23 77 80 45 23 87 34 89 34 45 23 77 80 45 23 87 34 89 34 45 23 77 80 45 23 87 34 89 34 45 23 77 80 45 23 87 34 89 34 45 23 77 80 45 23 87 34 89 34 45 23 77 80 45 23 87 34 89 34 45 23 77 80 45 23 87 34 89 34 45 23 77 80 45 23 87 34 89 34 45 23 77 80 45 23 87 34 89 34 45 23 77 80 45 23 87 34 89 34 45 23 77 80 45 23 87 34 89 34 45 23 77 80 45 23 87 34 89 34 45 23 77 80
1000 45 23 87 34 89 34 45 23 77 80 45 23 87 34 89 34 45 23 77 80 45 23 87 34 89 34 45 23 77 80 45 23 87 34 89 34 45 23 77 80 45 23 87 34 89 34 45 23 77 80 45 23 87 34 89 34 45 23 77 80 45 23 87 34 89 34 45 23 77 80 45 23 87 34 89 34 45 23 77 80 45 23 87 34 89 34 45 23 77 80 45 23 87 34 89 34 45 23 77 80 45 23 87 34 89 34 45 23 77 80 45 23 87 34 89 34 45 23 77 80 45 23 87 34 89 34 45 23 77 80 45 23 87 34 89 34 45 23 77 80 45 23 87 34 89 34 45 23 77 80 45 23 87 34 89 34 45 23 77 80 45 23 87 34 89 34 45 23 77 80 45 23 87 34 89 34 45 23 77 80 45 23 87 34 89 34 45 23 77 80 45 23 87 34 89 34 45 23 77 80 45 23 87 34 89 34 45 23 77 80 45 23 87 34 89 34 45 23 77 80 45 23 87 34 89 34 45 23 77 80 45 23 87 34 89 34 45 23 77 80 45 23 87 34 89 34 45 23 77 80 45 23 87 34 89 34 45 23 77 80 45 23 87 34 89 34 45 23 77 80 45 23 87 34 89 34 45 23 77 80 45 23 87 34 89 34 45 23 77 80 45 23 87 34 89 34 45 23 77 80 45 23 87 34 89 34 45 23 77 80 45 23 87 34 89 34 45 23 77 80 45 23 87 34 89 34 45 23 77 80 45 23 87 34 89 34 45 23 77 80 45 23 87 34 89 34 45 23 77 80 45 23 87 34 89 34 45 23 77 80 45 23 87 34 89 34 45 23 77 80 45 23 87 34 89 34 45 23 77 80 45 23 87 34 89 34 45 23 77 80 45 23 87 34 89 34 45 23 77 80 45 23 87 34 89 34 45 23 77 80 45 23 87 34 89 34 45 23 77 80 45 23 87 34 89 34 45 23 77 80 45 23 87 34 89 34 45 23 77 80 45 23 87 34 89 34 45 23 77 80 45 23 87 34 89 34 45 23 77 80 45 23 87 34 89 34 45 23 77 80 45 23 87 34 89 34 45 23 77 80 45 23 87 34 89 34 45 23 77 80 45 23 87 34 89 34 45 23 77 80 45 23 87 34 89 34 45 23 77 80 45 23 87 34 89 34 45 23 77 80 45 23 87 34 89 34 45 23 77 80 45 23 87 34 89 34 45 23 77 80 45 23 87 34 89 34 45 23 77 80 45 23 87 34 89 34 45 23 77 80 45 23 87 34 89 34 45 23 77 80 45 23 87 34 89 34 45 23 77 80 45 23 87 34 89 34 45 23 77 80 45 23 87 34 89 34 45 23 77 80 45 23 87 34 89 34 45 23 77 80 45 23 87 34 89 34 45 23 77 80 45 23 87 34 89 34 45 23 77 80 45 23 87 34 89 34 45 23 77 80 45 23 87 34 89 34 45 23 77 80 45 23 87 34 89 34 45 23 77 80 45 23 87 34 89 34 45 23 77 80 45 23 87 34 89 34 45 23 77 80 45 23 87 34 89 34 45 23 77 80 45 23 87 34 89 34 45 23 77 80 45 23 87 34 89 34 45 23 77 80 45 23 87 34 89 34 45 23 77 80 45 23 87 34 89 34 45 23 77 80 45 23 87 34 89 34 45 23 77 80 45 23 87 34 89 34 45 23 77 80 45 23 87 34 89 34 45 23 77 80 45 23 87 34 89 34 45 23 77 80 45 23 87 34 89 34 45 23 77 80 45 23 87 34 89 34 45 23 77 80 45 23 87 34 89 34 45 23 77 80 45 23 87 34 89 34 45 23 77 80 45 23 87 34 89 34 45 23 77 80 45 23 87 34 89 34 45 23 77 80 45 23 87 34 89 34 45 23 77 80 45 23 87 34 89 34 45 23 77 80 45 23 87 34 89 34 45 23 77 80 45 23 87 34 89 34 45 23 77 80 45 23 87 34 89 34 45 23 77 80 45 23 87 34 89 34 45 23 77 80 45 23 87 34 89 34 45 23 77 80 45 23 87 34 89 34 45 23 77 80 45 23 87 34 89 34 45 23 77 80 45 23 87 34 89 34 45 23 77 80 45 23 87 34 89 34 45 23 77 80 45 23 87 34 89 34 45 23 77 80 45 23 87 34 89 34 45 23 77 80 45 23 87 34 89 34 45 23 77 80 45 23 87 34 89 34 45 23 77 80 45 23 87 34 89 34 45 23 77 80 45 23 87 34 89 34 45 23 77 80
10 1 2 3 4 5 6 7 8 9 10
20 1 2 3 4 5 6 7 8 9 10 1 2 3 4 5 6 7 8 9 10
30 1 2 3 4 5 6 7 8 9 10 1 2 3 4 5 6 7 8 9 10 1 2 3 4 5 6 7 8 9 10
40 1 2 3 4 5 6 7 8 9 10 1 2 3 4 5 6 7 8 9 10 1 2 3 4 5 6 7 8 9 10 1 2 3 4 5 6 7 8 9 10
50 1 2 3 4 5 6 7 8 9 10 1 2 3 4 5 6 7 8 9 10 1 2 3 4 5 6 7 8 9 10 1 2 3 4 5 6 7 8 9 10 1 2 3 4 5 6 7 8 9 10
60 1 2 3 4 5 6 7 8 9 10 1 2 3 4 5 6 7 8 9 10 1 2 3 4 5 6 7 8 9 10 1 2 3 4 5 6 7 8 9 10 1 2 3 4 5 6 7 8 9 10 1 2 3 4 5 6 7 8 9 10
70 1 2 3 4 5 6 7 8 9 10 1 2 3 4 5 6 7 8 9 10 1 2 3 4 5 6 7 8 9 10 1 2 3 4 5 6 7 8 9 10 1 2 3 4 5 6 7 8 9 10 1 2 3 4 5 6 7 8 9 10 1 2 3 4 5 6 7 8 9 10
80 1 2 3 4 5 6 7 8 9 10 1 2 3 4 5 6 7 8 9 10 1 2 3 4 5 6 7 8 9 10 1 2 3 4 5 6 7 8 9 10 1 2 3 4 5 6 7 8 9 10 1 2 3 4 5 6 7 8 9 10 1 2 3 4 5 6 7 8 9 10 1 2 3 4 5 6 7 8 9 10
80 1 2 3 4 5 6 7 8 9 10 1 2 3 4 5 6 7 8 9 10 1 2 3 4 5 6 7 8 9 10 1 2 3 4 5 6 7 8 9 10 1 2 3 4 5 6 7 8 9 10 1 2 3 4 5 6 7 8 9 10 1 2 3 4 5 6 7 8 9 10 1 2 3 4 5 6 7 8 9 10
90 1 2 3 4 5 6 7 8 9 10 1 2 3 4 5 6 7 8 9 10 1 2 3 4 5 6 7 8 9 10 1 2 3 4 5 6 7 8 9 10 1 2 3 4 5 6 7 8 9 10 1 2 3 4 5 6 7 8 9 10 1 2 3 4 5 6 7 8 9 10 1 2 3 4 5 6 7 8 9 10 1 2 3 4 5 6 7 8 9 10
100 1 2 3 4 5 6 7 8 9 10 1 2 3 4 5 6 7 8 9 10 1 2 3 4 5 6 7 8 9 10 1 2 3 4 5 6 7 8 9 10 1 2 3 4 5 6 7 8 9 10 1 2 3 4 5 6 7 8 9 10 1 2 3 4 5 6 7 8 9 10 1 2 3 4 5 6 7 8 9 10 1 2 3 4 5 6 7 8 9 10 1 2 3 4 5 6 7 8 9 10
10 91 92 100 94 95 96 97 98 99 100
20 91 92 100 94 95 96 97 98 99 100 91 92 100 94 95 96 97 98 99 100
30 91 92 100 94 95 96 97 98 99 100 91 92 100 94 95 96 97 98 99 100 91 92 100 94 95 96 97 98 99 100
40 91 92 100 94 95 96 97 98 99 100 91 92 100 94 95 96 97 98 99 100 91 92 100 94 95 96 97 98 99 100 91 92 100 94 95 96 97 98 99 100
50 91 92 100 94 95 96 97 98 99 100 91 92 100 94 95 96 97 98 99 100 91 92 100 94 95 96 97 98 99 100 91 92 100 94 95 96 97 98 99 100 91 92 100 94 95 96 97 98 99 100
60 91 92 100 94 95 96 97 98 99 100 91 92 100 94 95 96 97 98 99 100 91 92 100 94 95 96 97 98 99 100 91 92 100 94 95 96 97 98 99 100 91 92 100 94 95 96 97 98 99 100 91 92 100 94 95 96 97 98 99 100
70 91 92 100 94 95 96 97 98 99 100 91 92 100 94 95 96 97 98 99 100 91 92 100 94 95 96 97 98 99 100 91 92 100 94 95 96 97 98 99 100 91 92 100 94 95 96 97 98 99 100 91 92 100 94 95 96 97 98 99 100 91 92 100 94 95 96 97 98 99 100
