0 1 2 4 3 5
-1 1 2 3
-1
-1 0 1
1 1
-614 -17 662 202 -398 397 325 -830 -885 253 -221 905 15 -488 -131 308 -259 -553 842 -445 -631 -40 321 833 -300 -106 247 -65 -387 693 517 -692 -339 223 -477
365 143 323 -450 -817 626 -350 -405 629 799 -502 982 490 -254 -519 281
568 -777 47 265 85 592 -566 5 -818 -11 -528 -939 838 309 239 -653 -262 123 -306 -269 -959 816 265 -679 685 -486 341 -665 589 516 284 -484 622 428 -959 -438 -365 766 -49 554 439 186 844
-696 436 265 573 32 -94 -487 22 -191 -39 283 -446 70 -926 943 584 -834 907 816 307 -435 -327 -115 659 479 675 307 214
867 -626 429 993 292 -173 393 645 433 -507 -733 375 980 -721 -672 -272 1 758 106 248 189 -216 392 895 837 778 -535 -466 147 594 368 706 942 -515 586 391 -608 -881 -28 -994 851 95 257 335 -626 -36
609 47 -806 -738 484 -317 -932 -963 -906 8 -37 456 -67 -88 996 -57 756 -128 506 461 247 130 -675 -234 649 730 -676 994 82 -7 187 431 779 545 -99 -187 -66 469 911 988 411 -306 420 -705 -995 200 -196 501 499 -861
-713 -187 -666 713 -499 657 -364 707 320 -892 174 -697 -719 57 915 -604 -319 -362 276 -727 -552 -547 -399 -135 -227 -375 -171 950 487 -458 563 -613 -364 -383 271 -998 -764 -72 833 184 -334 60 150 -192 -328 -990 -960 589 -545
1000 1000 1000 1000 1000 1000 1000 1000 1000 1000 1000 1000 1000 1000 1000 1000 1000 1000 1000 1000 1000 1000 1000 1000 1000 1000 1000 1000 1000 1000 1000 1000 1000 1000 1000 1000 1000 1000 1000 1000 1000 1000 1000 1000 1000 1000 1000 1000 1000 1000
-1000 -1000 -1000 -1000 -1000 -1000 -1000 -1000 -1000 -1000 -1000 -1000 -1000 -1000 -1000 -1000 -1000 -1000 -1000 -1000 -1000 -1000 -1000 -1000 -1000 -1000 -1000 -1000 -1000 -1000 -1000 -1000 -1000 -1000 -1000 -1000 -1000 -1000 -1000 -1000 -1000 -1000 -1000 -1000 -1000 -1000 -1000 -1000 -1000 -1000  	 	
-1 -2 -3 0 0 0 1 1 3 -1 -3 -6 8 9 -9 12 11 1 1 1 1 1 1 3 3 3 3 3 3 3 3 3 3 3 3 3 3 3 3 3 3 3 3 1 1 1 1 1 7 6
837 -226 508 -30 481 728 -670 306 979 -103 -499 -640 269 -594 -705 345 -963 -617 318 -445 -365 -604 -973 -123 954 -264 -471 623 997 -857 603 553 -637 85 439 -577 353 -844 -955 -101 -84 721 799 184
388 861 794 135 904 -75 -272 753 -826 401 -207 -41 -309 -98 382 746 -888 -264 -414 918 616 29 734 90 742 -677 -749 447 -924 376 503
107 -539 -580 375 -397 -244 -309 -652 692 866 450 -406 196 -111 -384 354 67 733 971 -719 -199 568 316 607 179 899 689 600 -581 712 -17 -979 -657 -328 804 -193 -356 -162 920 682 851 864 -857 -63
-871 -579 805 -506 973 843 752 388 104 185 -293 -474 -744 -487 -445 -429 -554 -38 -330 -541 -835 535 -672 327 -621 -12 -523 239 559 876 -662 -924 472 -648 -193 -590 -66 835
112 -13 262 188 -686 658 -393 339 530 -287 -889 -248 782 -383 -637 187 504 180 -883 -518 641 439 601 -584 859