160
1
10
26
100
1024
65856
60761421
1171875
1959552
15116544
18750000
630262500
492075
9841500
11344725
790272000
9
32805000
94478400
68841472
357210
4900
2560000
243
35831808
567000000
38400000
2211840
122500000
214375000
214375000
10628820
76832
27648000
135056250
567000000
1843
4917248
8943
19845000
22680000
6730
15351
12582912
2016000
7260624
619573248
531562500
1008
8505
61740
53156250
15750
400
87516450
8388608
15116544
236027904
141750000
669615660
51438240
37632
5830
201326592
1518750
11524800
13608000
921984000
603979776
60025000
1151
7290
188956800
403200000
51030
340200
671088640
301181440
414720000
5184
2107392
108000
490000000
32592
245000
6360
1835008
31500
691200
82978560
5308416
3001250
1152
55112400
421654016
4816896
1102248
107163000
3789
393824025
210739200
1440600
540101520
6618
344207360
2520
864
906992640
10000000
6
999999991
304545100
999999999
999999937
900000000
1000000000
621
432
3888
3
2
479001599
38102400
48
67108864
15120
30
41928319
54
27
128
21
49
536870912
81
625
14
5
244140625
172872
48828125
8
463222882
23
7
512
999999986
1890
16
216
362880000
1048576
209952000
76204800
486
4
282475249
188888881
18
31
