10
100
3
123
341
4576
700
420
434
37
23478
3476
12
676
1234567
3546347
4545453
3434354
45454545
9045454
455
234
567
2345
56438789
10000000
9999998
9999997
9999996
9999995
9999994
9999993
9999992
9999991
9999990
100000000
6767676767
6172800617280
3086400308640
1543200154320
771600077160
385800038580
192900019290
96450009645
900200090020
4115200411520
2057600205760
32150003215
10
100
3
123
341
4576
700
420
434
37
23478
3476
12
676
1234567
3546347
4545453
3434354
45454545
9045454
455
234
567
2345
56438789
10000000
9999998
9999997
9999996
9999995
9999994
9999993
9999992
9999991
9999990
100000000
6767676767
6172800617280
3086400308640
1543200154320
771600077160
385800038580
192900019290
96450009645
900200090020
4115200411520
2057600205760
32150003215
10
100
3
123
341
4576
700
420
434
37
23478
3476
12
676
1234567
3546347
4545453
3434354
45454545
9045454
455
234
567
2345
56438789
10000000
9999998
9999997
9999996
9999995
9999994
9999993
9999992
9999991
9999990
100000000
6767676767
6172800617280
3086400308640
1543200154320
771600077160
385800038580
192900019290
96450009645
900200090020
4115200411520
2057600205760
32150003215
10
100
3
123
341
4576
700
420
434
37
23478
3476
12
676
1234567
3546347
4545453
3434354
45454545
9045454
455
234
567
2345
56438789
10000000
9999998
9999997
9999996
9999995
9999994
9999993
9999992
9999991
9999990
100000000
6767676767
6172800617280
3086400308640
1543200154320
771600077160
385800038580
192900019290
96450009645
900200090020
4115200411520
2057600205760
32150003215
