1 2
2
15

1 2
2
6

528000
10
1

1 0 10
4
1000

12 0 18 0 0 0 0 944 0 0 0 0 0 0 0 0 0 0 0 528000
15
1500

1 0 0 0 0 1 0 0 0 0 1 0 0 0 0 1 0 0 0 0 1 0 0 0 0 1 0 0 0 0 1 0 0 0 0 1 0 0 0 0 1 0 0 0 0 1 0 0 0 528000
1
1000000000

1 1 1 1 1 1 1 1 1 1 1 1 1 1 1 1 1 1 1 1 1 1 1 1 1 1 1 1 1 1 1 1 1 1 1 1 1 1 1 1 1 1 1 1 1 1 1 1 1 1
1
1000000000

528000 528000 528000 528000 528000 528000 528000 528000 528000 528000 528000 528000 528000 528000 528000 528000 528000 528000 528000 528000 528000 528000 528000 528000 528000 528000 528000 528000 528000 528000 528000 528000 528000 528000 528000 528000 528000 528000 528000 528000 528000 528000 528000 528000 528000 528000 528000 528000 528000 528000
1
1000000000 

1 527999 1 528000 528000 528000 528000 528000 528000 528000 528000 528000 528000 528000 528000 528000 528000 528000 528000 528000 528000 528000 528000 528000 528000 528000 528000 528000 528000 528000 528000 528000 528000 528000 528000 528000 528000 528000 528000 528000 528000 528000 528000 528000 528000 528000 528000 528000 528000 528000
1
10000000

8114 4593 26656 10674 47815 40607 7358 9461 45816 22936 26299 22567 31836 25180 40656 13543 49324 3094 26027 26009 43079 10556 43881 21388 5580 15736 48306 14536 7515 44548 31872 7184 4353 13061 10152 38016 13890 4927 20248 620 9872 29388 35584
58
4004207 

206698 14991 452376 278898 484715 497052 329171 114189 43559 192506 146010 237016 290224 333109 184539 18000 253378 10109 217053 371081 97114 55338 429989 195426 444067 209147 231223 288787 380231 40532 36122 479281 475875 380850 230179
51
235202255 

20290 222647 252970 399051 163080 343631 26593 374857 418627 221312 177886 527214 36355 393512 224090 206412 427479 85610 82969 366189 136274 70355 255641 252620 461433 318987 37888 386338 212566 527770 323284 232856 222417 468606 524260 277849 284237 443205 17059 67217 136518 194945 486783 172873 60458 182873 271637
10
826620484 

287684 371376 343542 27936 275107 509445 27756 221179 362418 426887 433412 127348 408172 427659 366009 50336 305210 510342 411587 454206 359301 425713 411372 319321 97255 128819 524599 29721 109904 523939 99811 289940 259667 335705 210228 427127 317150 237984 12658 43920 29224
23
389867270

218478 404757 317314 366471 21729 143100 157459 59618
59
899058026

6
20
1000000000 

1 2
2
6 

1
1
1000000000  	
   	 
1
0
1000000000 	

9 6 5 7 4 8 5 5 2 8 3 5 4 3 2 6 7 6 8 2 4 3 1 5 2 9 4 5 3 5 5 4 5 4 8 1 2 7 7 1 0 1 1 5 1 7 5 0 7 4
8
89 

331090 227858 2130 266904 250571 68661
34
483689686